0 664 572 49 59 
1 664 573 49 59 
2 662 573 50 60 
3 661 574 50 59 
4 661 574 48 60 
5 660 575 50 61 
6 660 575 49 59 
7 661 575 46 59 
8 661 577 46 59 
9 660 577 47 60 
10 661 577 46 59 
11 661 577 45 60 
12 661 578 45 60 
13 661 579 46 61 
14 662 579 45 62 
15 662 579 45 62 
16 662 579 44 63 
17 662 580 45 63 
18 661 582 44 62 
19 661 582 44 62 
20 661 583 44 61 
21 662 584 44 61 
22 662 584 44 61 
23 662 585 45 61 
24 662 585 44 60 
25 662 586 45 59 
26 662 586 45 60 
27 662 586 45 61 
28 662 586 45 61 
29 662 586 45 61 
30 663 586 46 61 
31 662 587 46 62 
32 662 587 46 62 
33 662 587 46 61 
34 662 588 46 61 
35 662 588 46 61 
36 661 588 45 61 
37 661 588 46 61 
38 661 588 45 63 
39 662 589 46 63 426 776 39 35 
40 662 590 46 62 
41 662 590 46 62 
42 662 590 46 63 
43 662 591 45 63 
44 661 591 46 63 
45 662 591 46 62 
46 662 592 45 61 
47 662 592 45 61 
48 662 593 44 60 
49 662 593 44 60 
50 663 594 44 60 
51 663 594 44 60 
52 663 595 43 59 
53 663 596 43 59 
54 663 597 43 58 
55 663 597 43 58 
56 663 597 43 58 
57 663 597 43 58 
58 663 597 43 58 
59 663 597 44 59 
60 663 598 43 58 
61 663 598 44 58 
62 663 598 44 58 
63 663 598 44 58 
64 663 598 43 58 
65 662 598 44 58 
66 662 599 44 58 
67 662 599 44 59 
68 662 599 44 58 
69 662 599 44 59 
70 662 599 44 59 
71 662 599 44 58 
72 662 599 44 59 
73 662 599 44 59 
74 662 599 43 58 
75 662 599 42 59 
76 662 599 43 58 
77 662 599 43 59 
78 662 600 43 58 
79 662 600 43 58 
80 662 600 43 58 
81 662 600 43 59 
82 662 600 43 59 
83 661 600 43 60 
84 661 600 43 60 
85 662 600 43 59 
86 662 600 44 58 
87 662 600 44 59 
88 661 600 44 58 
89 661 600 44 59 
90 662 600 43 58 
91 661 600 43 59 
92 661 600 44 59 
93 662 601 43 58 
94 662 601 43 58 
95 662 601 43 58 
96 662 601 43 58 
97 662 601 43 58 
98 662 601 43 58 
99 662 602 43 58 
100 662 601 44 58 
101 662 602 44 58 
102 662 601 44 58 
103 662 602 44 58 
104 662 602 44 58 
105 662 602 44 58 
106 662 602 44 58 
107 662 602 44 58 
108 662 602 43 58 
109 662 603 44 58 
110 662 603 43 57 
111 662 603 43 57 
112 662 603 43 57 
113 662 603 43 57 
114 662 603 43 57 
115 662 603 43 57 
116 662 603 43 57 
117 662 603 43 58 
118 662 603 43 58 
119 662 602 43 58 
120 662 603 43 58 
121 662 603 44 58 
122 662 603 44 58 
123 662 603 44 58 
124 662 602 44 58 
125 662 602 44 58 
126 662 602 44 58 
127 662 602 44 59 
128 662 602 44 59 
129 662 601 45 59 
130 662 601 45 59 
131 662 601 45 59 
132 663 601 45 59 
133 662 601 45 61 
134 661 600 46 60 
135 661 599 47 62 
136 661 600 47 61 
137 662 600 47 61 
138 662 599 47 61 
139 662 600 47 61 
140 662 602 47 60 
141 663 600 48 62 
142 663 600 49 62 
143 663 601 49 61 
144 664 602 49 61 
145 666 601 49 61 
146 666 602 49 61 
147 667 602 50 61 
148 667 602 51 61 
149 669 602 50 61 
150 670 603 49 60 
151 670 603 50 61 
152 672 603 49 61 
153 673 603 48 61 
154 674 603 47 62 
155 676 604 46 60 
156 678 603 45 60 
157 678 603 45 61 
158 679 603 45 62 
159 681 603 45 61 
160 681 603 47 62 
161 683 604 47 62 
162 685 605 48 62 
163 686 604 48 62 
164 688 605 47 62 
165 690 604 46 62 
166 691 604 47 62 
167 692 604 46 63 
168 693 604 48 65 
169 694 604 47 66 
170 696 604 46 64 
171 698 604 46 63 
172 698 604 47 63 
173 700 605 46 62 
174 701 604 46 61 
175 703 606 46 59 
176 703 606 46 59 
177 705 607 47 59 
178 706 607 50 60 
179 711 605 49 65 
180 715 606 46 64 
181 716 606 47 63 
182 720 608 46 62 
183 724 607 47 63 
184 727 609 46 61 
185 730 608 47 62 
186 733 607 46 62 
187 735 605 47 63 
188 738 605 45 61 
189 739 604 46 63 
190 740 603 47 61 
191 741 601 48 63 
192 742 601 48 62 
193 744 603 46 59 
194 747 603 44 58 
195 748 603 47 58 
196 751 602 48 58 
197 756 602 46 56 
198 759 603 44 54 
199 761 602 43 56 
200 764 602 42 56 
201 765 603 44 56 
202 769 603 42 54 
203 770 602 42 54 
204 772 602 42 54 
205 774 602 40 52 
206 776 603 40 53 
207 778 603 41 54 
208 778 602 42 55 
209 778 600 44 58 
210 777 600 45 59 
211 779 599 45 60 
212 780 599 44 58 
213 781 599 44 56 
214 782 599 45 55 
215 783 598 47 57 
216 787 599 46 54 
217 789 599 46 56 
218 792 599 45 55 
219 794 599 45 56 
220 798 599 44 55 
221 803 601 42 54 
222 807 601 40 55 
223 808 601 41 56 
224 808 600 44 56 
225 808 599 47 56 
226 808 599 49 59 
227 809 600 51 55 
228 811 602 50 52 
229 813 603 50 52 
230 818 603 53 53 
231 822 604 51 53 
232 826 608 46 52 
233 827 607 47 53 
234 829 606 48 52 
235 834 604 45 52 
236 842 604 42 52 
237 846 603 40 52 
238 850 605 37 50 
239 853 606 37 50 
240 856 601 41 55 
241 855 601 43 55 
242 857 604 42 50 
243 858 601 44 52 
244 861 604 41 48 
245 864 601 41 51 
246 865 601 41 53 
247 869 603 41 50 
248 872 605 40 49 
249 875 603 40 50 
250 881 602 41 52 
251 885 602 41 51 
252 887 604 40 51 
253 891 608 38 50 
254 898 612 33 46 
255 897 606 37 50 
256 899 606 38 51 
257 900 605 39 50 
258 901 604 38 51 
259 904 608 37 47 
260 904 606 42 50 
261 906 607 41 48 
262 911 606 41 48 
263 913 604 42 54 
264 914 605 44 53 
265 920 602 45 57 
266 925 604 43 55 
267 929 605 42 52 
268 934 605 42 52 
269 935 604 43 51 
270 936 602 42 52 
271 940 602 43 49 
272 940 597 44 55 
273 941 596 46 57 
274 945 594 46 58 
275 945 594 46 58 
276 950 594 44 58 
277 953 594 43 55 
278 955 592 40 54 
279 961 593 39 51 
280 964 594 40 51 
281 968 594 40 51 
282 966 597 42 51 
283 969 595 42 52 
284 972 592 43 54 
285 973 592 45 56 
286 977 589 46 56 
287 980 586 48 58 
288 982 585 45 57 
289 985 584 44 58 
290 984 584 48 62 
291 986 585 50 64 
292 992 588 45 58 
293 997 588 42 58 
294 997 589 42 58 
295 997 588 46 62 
296 999 588 48 62 
297 1003 588 48 63 
298 1006 589 47 64 
299 1009 590 47 63 
300 1012 591 46 62 
301 1013 590 48 61 
302 1015 590 47 61 
303 1017 589 47 61 
304 1021 589 47 61 
305 1028 590 47 59 
306 1030 589 46 61 
307 1035 590 44 57 
308 1038 589 46 58 
309 1042 588 45 58 
310 1046 588 44 57 
311 1048 586 44 60 
312 1050 587 44 58 
313 1052 588 43 56 
314 1053 587 43 57 
315 1054 585 43 58 
316 1056 583 44 58 
317 1058 581 46 59 
318 1061 581 48 63 
319 1063 582 48 62 
320 1065 581 50 64 
321 1068 582 48 63 
322 1070 582 49 63 
323 1072 581 50 64 
324 1075 581 48 62 
325 1077 581 49 62 
326 1080 580 47 62 
327 1082 580 48 61 
328 1084 580 47 60 
329 1085 579 47 61 
330 1085 580 49 62 
331 1089 584 46 59 
332 1090 584 46 59 
333 1092 583 46 58 
334 1094 583 46 58 
335 1095 581 48 61 
336 1098 581 48 62 
337 1100 580 50 63 
338 1103 580 48 61 
339 1104 581 49 63 
340 1106 580 50 64 
341 1107 579 50 64 
342 1109 578 49 65 
343 1111 578 48 64 
344 1111 577 50 64 
345 1111 573 51 65 
346 1113 573 50 65 
347 1115 571 50 67 
348 1116 570 50 67 
349 1118 569 50 68 
350 1119 568 50 70 
351 1121 566 52 71 
352 1123 565 51 69 
353 1124 565 51 68 
354 1126 566 50 66 
355 1128 567 49 62 
356 1128 565 50 64 
357 1130 565 48 62 
358 1131 565 49 61 
359 1132 565 50 62 
360 1133 564 50 62 
361 1133 563 49 62 
362 1136 563 48 61 
363 1137 561 50 64 
364 1139 561 49 64 
365 1141 558 50 67 
366 1142 558 51 66 
367 1144 557 51 66 
368 1147 558 48 64 
369 1149 558 48 65 
370 1151 558 48 67 
371 1153 558 50 68 
372 1155 558 52 70 
373 1159 558 50 67 
374 1162 559 48 66 
375 1164 560 48 64 
376 1166 560 47 63 
377 1168 562 48 63 
378 1170 561 47 63 
379 1170 560 48 62 
380 1171 557 49 63 
381 1173 554 51 65 
382 1174 553 51 64 
383 1176 551 51 63 
384 1177 549 52 64 
385 1179 548 52 66 
386 1180 547 51 67 
387 1183 545 50 69 
388 1186 544 48 68 
389 1188 543 48 66 
390 1191 542 47 65 
391 1191 540 50 66 
392 1192 539 51 65 
393 1194 539 51 65 
394 1195 536 50 68 
395 1197 536 49 67 
396 1198 536 49 68 
397 1198 535 50 70 
398 1199 535 50 70 
399 1201 536 50 71 
400 1201 536 51 71 
401 1201 536 52 72 
402 1203 535 52 73 
403 1205 535 51 74 
404 1206 533 52 76 
405 1208 534 51 74 
406 1209 534 51 75 
407 1210 534 52 76 
408 1212 535 52 74 
409 1213 534 51 74 
410 1215 533 52 75 
411 1216 533 51 75 
412 1215 532 54 75 
413 1216 531 55 77 
414 1216 530 55 77 
415 1216 529 55 76 
416 1216 528 56 76 
417 1216 526 56 76 
418 1217 525 57 76 
419 1217 523 57 78 
420 1218 521 56 75 
421 1218 519 55 76 
422 1218 517 55 78 
423 1218 515 58 81 
424 1218 513 58 80 
425 1219 511 59 81 
426 1220 509 60 83 
427 1222 508 59 81 
428 1225 506 59 80 
429 1228 505 58 78 
430 1229 503 59 76 
431 1231 503 60 75 
432 1232 502 60 74 
433 1231 500 61 76 
434 1234 499 62 78 
435 1234 499 63 78 
436 1236 499 63 78 
437 1236 499 64 78 
438 1238 500 63 77 
439 1243 499 62 78 
440 1245 501 61 74 
441 1248 500 61 75 
442 1249 498 61 77 
443 1251 497 60 77 
444 1253 497 59 77 
445 1255 497 59 78 
446 1257 495 59 77 
447 1258 494 60 78 
448 1259 493 62 77 
449 1261 493 62 77 
450 1265 490 61 80 
451 1266 486 61 86 
452 1266 486 65 87 
453 1268 484 63 87 
454 1270 483 62 87 
455 1274 482 61 88 
456 1276 481 61 88 
457 1280 478 61 86 
458 1280 476 63 83 
459 1283 474 61 83 
460 1284 472 62 83 
461 1284 468 65 86 
462 1286 464 65 88 
463 1286 463 68 90 
464 1286 460 68 90 
465 1288 459 70 89 
466 1291 457 68 89 
467 1291 456 70 90 
468 1295 454 70 89 
469 1295 453 72 90 
470 1295 452 74 89 
471 1296 451 76 91 
472 1298 451 75 91 
473 1302 449 74 91 
474 1305 449 73 92 
475 1308 449 74 94 
476 1310 448 74 94 
477 1313 445 75 92 
478 1316 446 73 92 
479 1319 444 75 95 
480 1320 441 77 98 
481 1322 440 80 101 
482 1322 437 80 103 
483 1324 435 78 102 
484 1323 433 78 104 
485 1325 430 78 106 
486 1327 429 78 107 
487 1327 428 81 107 
488 1330 427 81 108 
489 1331 426 81 109 
490 1332 424 84 107 
491 1332 419 84 111 
492 1334 416 83 111 
493 1338 413 81 111 
494 1341 411 80 110 
495 1341 409 83 108 
496 1345 408 81 103 
497 1347 407 81 99 
498 1350 404 79 99 
499 1353 400 78 101 
500 1354 396 79 103 
501 1356 392 78 106 
502 1356 388 80 112 
503 1357 387 81 113 
504 1358 384 83 118 
505 1359 382 88 119 
506 1362 379 91 118 
507 1364 379 91 114 
508 1368 379 91 112 
509 1370 377 90 112 
510 1375 377 86 108 
511 1380 375 84 111 
512 1385 371 84 116 
513 1389 369 84 118 
514 1393 368 84 117 
515 1394 365 86 117 
516 1397 364 88 116 
517 1399 365 92 115 
518 1401 363 93 117 
519 1406 362 91 117 
520 1409 361 95 114 
521 1415 359 92 114 
522 1419 357 94 116 
523 1424 352 94 122 
524 1426 349 98 126 
525 1428 345 100 132 
526 1435 343 100 129 
527 1438 341 104 125 
528 1441 336 106 128 
529 1446 330 104 131 
530 1454 328 102 133 
531 1456 323 102 136 
532 1459 317 102 139 
533 1460 312 107 141 
534 1465 308 104 139 
535 1470 305 102 140 
536 1474 303 103 139 
537 1475 297 106 139 
538 1478 295 108 136 
539 1480 293 109 134 
540 1489 291 103 132 
541 1493 284 102 136 
542 1495 278 104 141 
543 1494 275 110 144 
544 1496 269 115 150 
545 1496 266 121 152 
546 1501 261 122 152 
547 1506 260 121 153 
548 1510 261 121 151 
549 1516 260 119 153 
550 1522 262 115 151 
551 1527 260 114 153 
552 1529 256 114 153 
553 1532 251 116 157 
554 1536 249 119 158 
555 1542 245 117 156 
556 1546 241 119 160 
557 1548 236 120 162 
558 1549 229 122 168 
559 1551 224 123 169 
560 1554 222 126 171 
561 1558 222 126 171 
562 1561 218 128 169 
563 1563 214 130 167 
564 1568 206 129 168 
565 1571 203 130 167 
566 1571 190 137 176 
567 1574 182 135 178 
568 1580 177 132 178 
569 1579 174 139 176 
570 1582 166 141 181 
571 1585 166 142 174 
572 1586 153 144 182 
573 1587 147 148 179 
574 1596 146 136 180 
575 1600 142 137 181 
576 1602 133 139 183 
577 1607 124 139 190 
578 1608 117 140 193 
579 1611 112 140 195 
580 1614 108 138 198 
581 1616 101 142 203 
582 1620 98 139 200 
583 1620 89 145 207 
584 1623 86 144 205 
585 1629 82 145 201 
586 1630 75 147 201 
587 1626 70 158 205 
588 1630 65 159 211 
589 1628 66 163 205 
590 1632 58 162 212 
591 1636 53 167 212 
592 1639 49 172 218 
593 1645 45 168 220 
594 1649 35 175 223 
595 1653 28 179 230 
596 1657 19 176 236 
597 1658 14 177 230 
598 1662 11 182 234 
599 1667 3 187 235 
600 1667 1 199 224 
601 1669 0 200 228 
602 1674 0 200 220 
603 
604 1686 0 193 216 
605 1690 0 193 205 
606 1695 0 189 188 
607 1691 1 201 184 
608 1694 0 209 179 
609 1696 0 211 174 
610 1701 7 210 163 
611 1708 7 200 158 
612 1704 2 203 156 
613 1700 6 210 149 
614 
615 
616 
617 
618 
619 
620 
621 
622 
623 
624 
625 
626 
627 
628 
629 
630 
631 
632 
633 
634 
635 
636 
637 
638 
639 
640 
641 
642 
643 
644 
645 
646 
647 
648 
649 
650 
651 
652 
653 
654 
655 
656 
657 
658 
659 
660 
661 
662 
663 
664 
665 
666 
667 
668 
669 
670 
671 
672 
673 
674 
675 
676 
677 
678 
679 
680 
681 
682 
683 
684 
685 
686 
687 
688 
689 
690 
691 
692 
693 
694 
695 
696 
697 
698 
699 
700 
701 131 105 878 1238 
702 133 124 845 1214 
703 
704 
705 74 180 801 1164 
706 56 153 789 1161 
707 
708 
709 
710 
711 
712 
713 
714 
715 
716 
717 
718 
719 
720 
721 
722 
723 
724 
725 
726 
727 
728 
729 
730 
731 
732 
733 
734 
735 
736 
737 
738 
739 
740 
741 
742 
743 
744 
745 
746 
747 79 3 181 104 
748 80 2 182 107 
749 71 3 188 113 
750 75 3 176 119 
751 73 1 179 128 
752 77 2 171 134 
753 79 2 166 141 
754 76 4 169 145 
755 76 3 167 151 
756 75 2 169 161 
757 84 4 161 159 
758 85 4 164 169 
759 83 11 165 172 
760 82 12 165 181 
761 83 21 164 176 
762 85 29 166 180 
763 87 39 162 172 
764 85 45 166 181 
765 89 49 162 180 
766 91 58 160 177 
767 89 68 160 177 
768 90 76 161 179 
769 92 84 163 181 
770 99 91 156 176 
771 99 97 157 176 
772 95 101 158 184 
773 99 114 153 177 
774 103 125 152 176 
775 106 128 151 178 
776 109 131 149 180 
777 111 137 149 177 
778 112 144 146 174 
779 113 148 146 172 
780 114 154 145 172 
781 117 160 144 173 
782 120 161 140 174 
783 121 168 140 166 
784 125 171 138 164 
785 130 172 135 164 
786 129 174 137 163 
787 134 178 137 161 
788 134 182 140 159 
789 135 185 142 158 
790 144 190 135 154 
791 150 194 133 153 
792 152 196 133 153 
793 155 201 130 153 
794 155 204 130 156 
795 156 211 131 157 
796 161 215 130 153 
797 161 218 132 151 
798 165 221 129 156 
799 167 225 130 155 
800 171 227 129 156 
801 177 232 126 150 
802 187 243 119 150 
803 189 249 121 150 
804 192 257 122 149 
805 195 260 124 146 
806 200 264 121 144 
807 200 266 127 151 
808 205 270 133 149 
809 212 275 135 150 
810 222 281 130 148 
811 226 288 124 149 
812 228 293 130 145 
813 231 295 133 150 
814 235 299 127 143 
815 241 302 124 143 
816 251 304 119 143 
817 260 305 116 141 
818 267 307 113 141 
819 271 307 118 142 
820 274 306 118 144 
821 277 305 119 143 
822 276 304 122 148 
823 278 307 126 147 
824 280 312 128 142 
825 284 315 127 140 
826 289 320 128 136 
827 292 322 126 137 
828 292 323 127 140 
829 306 332 115 131 
830 320 335 107 127 
831 323 339 109 122 
832 326 342 109 126 
833 329 342 110 129 
834 336 347 105 126 
835 339 347 102 126 
836 343 350 99 122 
837 342 355 102 123 
838 344 357 108 124 
839 351 361 101 120 
840 355 364 98 119 
841 359 367 97 121 
842 363 373 98 119 
843 365 381 98 116 
844 368 384 99 116 
845 370 385 101 118 
846 373 389 100 120 
847 375 392 99 119 
848 382 399 94 114 
849 384 402 96 113 
850 385 403 98 117 
851 390 406 95 115 
852 393 409 93 114 
853 396 410 91 115 
854 400 414 89 112 
855 400 415 90 112 
856 403 418 91 109 
857 406 420 90 108 
858 410 422 88 104 
859 412 424 89 101 
860 415 423 87 103 
861 418 421 86 105 
862 423 422 82 106 
863 426 425 80 101 
864 425 423 83 107 
865 429 423 81 106 
866 431 423 82 107 
867 435 425 83 106 
868 437 427 83 106 
869 441 430 83 102 
870 440 430 85 103 
871 444 432 83 103 
872 447 435 82 103 
873 451 437 83 105 
874 452 440 82 102 
875 455 443 82 101 
876 462 448 79 99 
877 465 451 77 97 
878 471 456 73 94 
879 474 459 73 95 
880 475 461 72 95 
881 475 460 72 97 
882 479 462 69 96 
883 483 464 74 96 
884 486 468 75 95 
885 487 469 79 94 
886 492 472 75 91 
887 494 471 75 94 
888 500 473 73 96 
889 504 475 72 93 
890 508 478 73 94 
891 510 479 74 95 
892 511 481 76 94 
893 514 483 75 91 
894 518 484 76 89 
895 520 484 75 87 
896 520 483 77 89 
897 524 481 76 93 
898 527 484 74 91 
899 528 484 74 90 
900 532 488 70 84 
901 533 489 70 85 
902 539 491 65 84 
903 543 493 66 85 
904 543 493 66 85 
905 545 493 65 84 
906 546 493 66 85 
907 545 492 68 85 
908 550 494 66 82 
909 553 496 65 81 
910 552 495 68 82 
911 552 495 68 84 
912 552 498 67 83 
913 553 501 66 82 
914 554 503 63 81 
915 557 505 63 80 
916 560 510 63 80 
917 562 512 63 79 
918 561 512 65 80 
919 563 515 65 78 
920 563 516 66 79 
921 564 517 65 77 
922 564 517 65 79 
923 565 520 65 78 
924 566 522 63 76 
925 570 525 59 74 
926 572 528 57 73 
927 575 529 56 73 
928 576 530 56 72 
929 578 534 54 70 
930 580 535 53 69 
931 581 535 54 68 
932 583 535 54 69 
933 584 535 54 70 
934 586 535 53 69 
935 588 536 52 68 
936 591 537 50 66 
937 593 537 51 66 
938 593 537 51 66 
939 596 537 50 68 
940 597 537 51 68 
941 598 537 51 68 
942 598 536 52 70 
943 598 536 54 71 
944 597 534 58 73 
945 598 535 57 73 
946 599 537 57 71 
947 602 539 58 72 
948 603 540 57 70 
949 606 542 56 70 
950 610 546 52 65 
951 610 545 53 66 
952 611 546 52 66 
953 612 547 52 67 
954 613 550 51 65 
955 612 550 53 66 
956 614 550 52 66 
957 614 551 53 68 
958 614 552 55 69 
959 615 552 56 69 
960 617 555 54 67 
961 617 557 55 66 
962 617 559 55 65 
963 618 560 56 65 
964 619 558 57 67 
965 620 559 57 66 
966 621 559 58 67 
967 624 559 57 67 
968 625 560 57 65 
969 629 561 57 65 
970 632 560 58 66 
971 635 560 58 66 
972 637 560 57 66 
973 639 559 57 67 
974 641 560 57 66 
975 643 560 56 67 
976 644 560 57 66 
977 647 561 56 64 
978 649 561 56 64 
979 650 561 56 65 
980 650 561 56 66 
981 651 561 56 65 
982 653 562 56 65 
983 653 562 55 64 
984 654 564 55 62 
985 654 564 55 62 
986 656 566 54 60 
987 657 567 55 60 
988 657 567 55 60 
989 658 568 55 60 
990 660 568 54 59 
991 662 570 53 59 
992 662 571 53 60 
993 664 570 53 62 
994 665 571 53 62 
995 666 574 52 60 
996 667 575 52 60 
997 669 576 52 62 
998 669 577 53 61 
999 671 579 51 60 
1000 674 578 51 61 
1001 675 580 50 60 
1002 675 581 51 60 
1003 676 582 52 61 
1004 676 582 53 60 
1005 676 583 53 59 
1006 677 584 52 58 
1007 677 584 54 58 
1008 678 583 54 58 
1009 678 583 55 58 
1010 679 583 54 58 
1011 681 582 53 59 
1012 682 582 53 59 
1013 683 582 53 59 
1014 684 584 52 58 
1015 686 584 51 58 
1016 688 584 50 58 
1017 689 585 49 58 
1018 691 584 48 59 
1019 692 584 48 59 
1020 694 584 48 61 
1021 695 585 48 60 
1022 696 586 48 59 
1023 698 586 49 60 
1024 699 586 49 60 
1025 700 586 49 61 
1026 701 586 49 61 
1027 702 586 49 61 
1028 702 586 49 62 
1029 704 585 50 63 
1030 705 585 51 63 
1031 705 587 52 64 
1032 705 587 53 65 
1033 707 587 53 65 
1034 708 588 53 65 
1035 710 588 52 65 
1036 714 590 51 61 
1037 718 593 50 59 
1038 721 594 49 59 
1039 723 595 48 58 
1040 726 597 46 58 
1041 727 596 47 60 
1042 730 597 46 58 
1043 732 596 46 57 
1044 735 598 45 57 
1045 737 598 45 56 
1046 740 600 44 55 
1047 740 599 46 56 
1048 740 599 47 57 
1049 741 598 47 56 
1050 741 597 48 58 
1051 742 595 49 58 
1052 743 595 50 59 
1053 745 594 52 62 
1054 748 595 51 60 
1055 749 595 51 58 
1056 751 594 51 58 
1057 756 595 48 56 
1058 760 596 45 54 
1059 763 597 43 54 
1060 764 596 44 53 
1061 766 595 42 55 
1062 770 597 39 50 
1063 770 598 41 51 
1064 771 598 41 52 
1065 773 598 40 54 
1066 774 598 39 51 
1067 775 599 39 51 
1068 777 600 39 50 
1069 778 600 40 49 
1070 779 600 41 49 
1071 779 599 41 50 
1072 779 598 42 52 
1073 780 598 45 54 
1074 780 599 46 54 
1075 781 599 48 52 
1076 784 597 48 54 
1077 785 597 49 53 
1078 790 599 45 52 
1079 792 600 46 53 
1080 794 600 45 51 
1081 795 601 44 51 
1082 799 599 44 52 
1083 803 600 43 53 
1084 805 600 43 54 
1085 806 599 44 55 
1086 808 599 45 55 
1087 808 599 47 55 
1088 808 598 48 58 
1089 807 599 50 55 
1090 809 600 48 53 
1091 811 601 47 50 
1092 814 603 47 50 
1093 815 603 50 52 
1094 817 601 54 55 
1095 822 604 50 52 
1096 824 603 50 51 
1097 825 608 47 52 
1098 828 611 47 51 
1099 832 606 47 50 
1100 836 605 45 50 
1101 844 607 40 48 
1102 847 606 40 50 
1103 849 606 39 50 
1104 850 605 41 50 
1105 852 606 40 51 
1106 854 605 39 51 
1107 855 601 42 56 
1108 855 600 43 56 
1109 854 598 44 58 
1110 856 601 43 54 
1111 857 603 43 53 
1112 859 604 41 50 
1113 862 609 38 46 
1114 863 606 41 51 
1115 867 606 38 47 
1116 868 605 39 51 
1117 871 605 39 50 
1118 874 610 37 45 
1119 874 608 39 48 
1120 879 608 38 47 
1121 881 606 40 50 
1122 884 603 41 53 
1123 886 603 40 53 
1124 889 605 39 52 
1125 892 606 39 52 
1126 897 610 35 49 
1127 897 608 36 50 
1128 898 608 38 53 
1129 898 607 39 55 
1130 900 606 39 53 
1131 900 605 38 52 
1132 902 606 37 49 
1133 903 606 38 50 
1134 904 605 39 50 
1135 908 605 40 51 
1136 910 605 41 51 
1137 912 605 41 50 
1138 914 603 42 52 
1139 915 600 43 57 
1140 918 600 43 54 
1141 921 598 44 54 
1142 923 597 43 56 
1143 924 596 45 59 
1144 926 598 44 57 
1145 931 599 43 56 
1146 933 599 43 56 
1147 934 598 43 54 
1148 934 598 43 52 
1149 935 596 44 53 
1150 937 598 44 48 
1151 940 597 42 50 
1152 939 595 45 55 
1153 941 594 45 56 
1154 942 594 44 56 
1155 944 595 45 56 
1156 945 593 46 58 
1157 944 591 48 63 
1158 947 591 46 60 
1159 947 588 48 63 
1160 950 590 45 59 
1161 952 591 45 60 
1162 954 591 44 58 
1163 956 591 42 55 
1164 959 593 41 53 
1165 962 593 43 54 
1166 965 595 40 52 
1167 967 595 41 52 
1168 965 595 43 53 
1169 967 594 44 54 
1170 969 594 43 54 
1171 972 593 42 54 
1172 974 592 43 56 
1173 977 590 45 58 
1174 979 588 45 58 
1175 980 588 46 59 
1176 980 587 46 59 
1177 981 586 47 59 
1178 983 586 46 58 
1179 983 585 49 65 
1180 985 586 51 66 
1181 986 587 52 66 
1182 990 588 49 65 
1183 993 588 49 65 
1184 995 591 47 60 
1185 996 591 47 60 
1186 999 591 46 60 
1187 999 591 48 62 
1188 1003 591 49 65 
1189 1007 593 47 63 
1190 1010 594 47 63 
1191 1012 595 46 62 
1192 1013 595 47 61 
1193 1015 595 47 58 
1194 1017 593 48 60 
1195 1020 593 47 58 
1196 1022 590 48 62 
1197 1028 593 46 58 
1198 1033 591 44 58 
1199 1037 591 44 57 
1200 1038 589 45 59 
1201 1041 589 46 59 
1202 1044 589 45 59 
1203 1047 588 43 59 
1204 1048 589 45 57 
1205 1048 589 47 59 
1206 1050 588 46 59 
1207 1051 589 45 58 
1208 1 92 93 236 1052 589 44 58 
1209 2 95 104 232 1054 589 43 59 
1210 3 95 107 236 1055 588 43 59 
1211 6 98 114 224 1055 588 43 59 
1212 7 100 123 220 1056 586 43 60 
1213 7 101 127 227 1057 587 44 57 
1214 8 102 127 226 1058 586 46 58 
1215 7 104 132 208 1058 585 48 60 
1216 6 111 138 198 1060 586 49 60 
1217 6 111 146 203 1061 587 50 61 
1218 6 113 159 214 1063 587 50 61 
1219 7 115 161 213 1063 587 49 61 
1220 7 124 166 202 1065 587 48 61 
1221 9 131 169 198 1067 586 47 60 
1222 14 133 176 202 1067 586 50 61 
1223 19 136 177 208 1068 585 50 62 
1224 27 141 175 212 1071 585 48 60 
1225 32 144 172 204 1073 585 48 61 
1226 37 148 173 199 1075 585 47 61 
1227 41 154 176 202 1076 585 47 59 
1228 47 159 171 196 1078 585 46 59 
1229 56 165 167 195 1079 584 47 58 
1230 60 171 169 189 1082 585 45 57 
1231 65 176 165 191 1083 586 45 56 
1232 73 185 159 185 1084 587 45 54 
1233 77 189 156 186 1086 587 45 56 
1234 82 194 151 182 1088 587 44 56 
1235 84 199 159 179 1088 586 44 57 
1236 88 204 161 179 1089 587 44 56 
1237 92 207 159 179 1090 586 44 57 
1238 93 214 157 180 1090 585 45 59 
1239 95 221 155 180 1091 584 46 60 
1240 97 228 158 180 1092 584 46 60 
1241 100 232 156 177 1092 585 45 58 
1242 106 236 155 178 1094 584 46 60 
1243 109 242 153 176 1095 585 45 58 
1244 114 247 150 173 1096 584 46 59 
1245 118 250 147 167 1098 584 48 60 
1246 122 252 145 167 1101 583 49 62 
1247 125 253 145 167 1101 583 50 63 
1248 128 255 143 164 1103 583 50 63 
1249 132 259 144 165 1103 583 50 63 
1250 133 260 146 166 1106 582 50 63 
1251 136 261 144 164 1107 582 49 63 
1252 137 265 145 162 1109 581 50 62 
1253 148 269 137 161 1110 580 49 62 
1254 150 272 139 162 1110 581 50 61 
1255 155 276 136 158 1112 580 50 61 
1256 163 280 129 160 1113 580 50 61 
1257 165 280 129 160 1114 579 50 61 
1258 169 282 130 158 1115 578 49 62 
1259 172 284 130 156 1117 576 49 64 
1260 179 290 128 154 1118 576 49 63 
1261 184 295 132 152 1119 575 49 64 
1262 188 296 132 151 1120 575 49 64 
1263 193 300 138 156 1122 574 49 63 
1264 199 302 136 159 1122 573 49 65 
1265 204 304 140 159 1123 575 49 63 
1266 207 306 139 161 1124 575 50 64 
1267 210 307 146 164 1125 574 49 62 
1268 214 310 146 164 1126 575 49 62 
1269 224 316 138 160 1127 574 49 62 
1270 232 317 134 160 1128 573 48 62 
1271 236 321 136 159 1128 572 48 63 
1272 243 326 129 157 1130 573 47 62 
1273 247 327 133 162 1130 571 50 62 
1274 251 329 134 161 1131 571 51 62 
1275 255 331 129 159 1132 571 49 61 
1276 262 330 130 162 1131 570 52 63 
1277 268 337 132 152 1132 569 52 64 
1278 276 340 127 150 1133 569 51 65 
1279 281 344 125 147 1134 568 52 68 
1280 285 348 124 141 1135 567 54 70 
1281 286 347 125 146 1136 567 55 71 
1282 287 346 129 150 1138 566 56 73 
1283 291 351 130 145 1139 565 56 74 
1284 296 354 133 147 1141 566 55 72 
1285 299 354 132 144 1142 567 54 71 
1286 305 356 130 142 1144 567 52 70 
1287 314 357 125 143 1146 568 52 69 
1288 317 362 125 140 1147 569 51 66 
1289 323 366 120 135 1150 570 51 66 
1290 328 369 118 136 1150 570 51 66 
1291 333 375 119 134 1152 569 50 65 
1292 331 376 123 130 1153 568 51 66 
1293 335 373 122 133 1155 567 50 69 
1294 340 376 122 130 1156 567 52 70 
1295 345 379 120 129 1158 567 53 69 
1296 354 382 117 131 1160 566 53 70 
1297 356 385 115 132 1162 567 51 69 
1298 361 386 112 132 1163 568 51 67 
1299 364 389 110 127 1166 568 48 65 
1300 368 393 108 126 1168 568 47 65 
1301 369 396 108 127 1170 567 46 64 
1302 371 401 110 125 1170 568 47 61 
1303 373 404 111 122 1170 568 51 64 
1304 376 404 112 126 1171 569 50 60 
1305 380 407 108 122 1173 567 49 61 
1306 383 409 109 124 1173 567 51 62 
1307 386 412 109 122 1175 566 51 65 
1308 389 415 108 122 1179 565 50 65 
1309 390 418 107 122 1181 565 49 65 
1310 393 420 106 123 1183 566 47 63 
1311 393 420 107 124 1186 566 44 61 
1312 394 423 108 122 1188 565 44 61 
1313 397 425 109 119 1191 565 44 62 
1314 401 426 107 119 1192 564 45 63 
1315 406 427 102 119 1193 563 46 66 
1316 407 428 100 118 1194 562 46 67 
1317 408 429 100 117 1195 560 48 70 
1318 411 430 99 117 1196 560 48 68 
1319 413 433 99 115 1198 559 48 69 
1320 413 436 102 113 1199 559 47 68 
1321 419 436 99 113 1200 557 47 69 
1322 421 435 98 111 1200 557 47 69 
1323 424 435 97 115 1200 557 47 67 
1324 427 436 99 114 1202 556 47 69 
1325 433 438 95 112 1203 556 46 68 
1326 438 440 93 112 1202 554 46 69 
1327 443 441 91 114 1203 554 46 70 
1328 446 442 90 115 1204 554 45 69 
1329 449 445 91 115 1205 555 45 68 
1330 452 447 92 113 1206 556 45 67 
1331 456 448 92 113 1206 555 45 67 
1332 461 453 89 106 1206 554 47 69 
1333 466 456 86 103 1208 555 44 65 
1334 469 459 83 100 1208 554 45 67 
1335 470 461 85 100 1208 555 45 67 
1336 472 463 89 102 1208 556 46 67 
1337 477 462 86 105 1208 555 46 68 
1338 477 464 87 109 1208 555 47 68 
1339 481 467 87 107 1209 556 46 68 
1340 487 470 88 109 1210 557 46 67 
1341 487 472 92 111 1210 555 47 68 
1342 491 474 93 113 1211 555 47 68 
1343 494 477 94 107 1212 555 46 68 
1344 498 477 91 107 1213 554 45 68 
1345 501 477 91 106 1213 553 47 71 
1346 503 477 92 104 1214 551 48 72 
1347 505 478 90 102 1214 551 46 70 
1348 508 477 89 102 1215 551 46 71 
1349 512 478 86 102 1215 550 49 71 
1350 518 478 82 102 1215 549 47 70 
1351 522 478 81 103 1216 548 47 70 
1352 524 478 82 103 1217 548 47 70 
1353 526 480 83 103 1217 547 47 70 
1354 527 480 83 105 1217 547 49 71 
1355 527 481 84 103 1217 545 49 72 
1356 529 481 85 104 1218 544 49 72 
1357 531 483 83 100 1218 544 49 72 
1358 532 484 83 98 1218 544 50 72 
1359 535 485 81 98 1219 543 50 73 
1360 536 487 81 97 1219 543 50 70 
1361 539 490 80 94 1219 542 51 74 
1362 540 491 78 93 1219 542 51 72 
1363 540 493 78 92 1219 542 51 72 
1364 542 494 79 91 1219 542 51 71 
1365 544 495 77 91 1220 541 50 72 
1366 545 496 81 92 1220 540 51 72 
1367 545 499 81 91 1220 539 51 72 
1368 546 500 79 92 1220 538 52 71 
1369 546 501 77 91 1220 537 52 72 
1370 546 505 77 89 1221 535 53 72 
1371 544 505 79 90 1221 534 53 72 
1372 544 508 78 88 1221 534 54 72 
1373 545 509 76 88 1221 534 54 72 
1374 546 513 76 86 1222 533 55 73 
1375 545 514 75 86 1222 533 55 73 
1376 545 515 75 85 1222 532 55 73 
1377 545 517 75 85 1222 532 56 73 
1378 545 517 75 84 1223 532 57 72 
1379 545 517 75 84 1224 530 56 73 
1380 545 517 75 83 1224 530 56 74 
1381 545 517 75 83 1224 530 56 74 
1382 545 518 75 82 1225 529 57 73 
1383 545 518 75 82 1225 530 57 73 
1384 545 518 76 83 1226 529 57 73 
1385 546 519 74 81 1227 528 57 73 
1386 546 520 75 81 1227 527 60 75 
1387 546 520 75 80 1228 527 60 77 
1388 549 522 74 80 1229 527 59 76 
1389 551 525 72 77 1230 527 60 76 
1390 552 526 71 76 1231 526 59 76 
1391 1233 528 60 77 556 525 70 82 
1392 557 526 69 81 1233 526 60 79 
1393 558 527 69 79 1236 527 62 79 
1394 558 527 71 81 1239 525 58 82 
1395 559 528 71 81 1241 524 59 82 
1396 559 528 71 82 1244 526 58 79 
1397 561 527 70 84 1246 525 58 80 
1398 562 530 71 82 1247 525 59 78 
1399 563 531 69 80 1248 524 60 79 
1400 1251 524 58 76 564 532 69 79 
1401 564 533 71 80 1252 523 59 75 
1402 566 534 69 81 1254 523 58 76 
1403 566 535 69 81 1255 519 58 78 
1404 570 536 65 80 1257 517 57 79 
1405 570 538 66 79 1258 516 58 80 
1406 573 540 64 79 1259 514 57 81 
1407 577 542 62 77 1261 513 57 81 
1408 579 543 60 75 1261 512 58 83 
1409 580 545 59 73 1262 509 58 84 
1410 580 546 62 76 1264 506 57 85 
1411 582 545 62 75 1266 506 55 85 
1412 584 545 62 76 1267 505 55 84 
1413 586 546 62 77 1268 505 55 85 
1414 586 547 63 76 1270 505 54 83 
1415 587 548 63 74 1270 504 55 83 
1416 588 549 63 74 1271 503 55 83 
1417 589 548 64 75 1273 502 55 82 
1418 590 548 65 75 1275 502 53 80 
1419 592 549 63 74 1275 501 54 82 
1420 592 549 63 74 1275 500 55 82 
1421 594 548 64 75 1276 501 55 80 
1422 595 548 64 75 1278 501 52 78 
1423 597 549 64 73 1277 501 54 80 
1424 599 550 63 72 1277 500 55 79 
1425 600 551 64 72 1279 499 55 80 
1426 602 552 63 71 1280 497 54 80 
1427 604 552 62 71 1282 497 54 79 
1428 604 553 62 70 1283 495 53 80 
1429 606 553 62 71 1284 494 55 82 
1430 607 552 61 70 1285 493 54 81 
1431 609 555 59 68 1285 493 56 82 
1432 610 555 59 67 1285 493 57 82 
1433 611 557 58 68 1286 493 57 82 
1434 613 559 56 67 1287 493 58 82 
1435 612 560 56 66 1287 492 58 82 
1436 614 562 54 64 1287 493 59 80 
1437 615 564 54 63 1288 493 59 81 
1438 617 566 52 62 1289 492 59 81 
1439 616 567 53 63 1290 493 59 81 
1440 617 568 52 64 1290 493 59 81 
1441 618 568 52 65 1290 491 60 83 
1442 617 568 54 66 1291 492 61 81 
1443 618 570 53 65 1291 492 62 82 
1444 619 570 53 66 1292 492 63 81 
1445 619 569 54 66 1292 492 65 82 
1446 619 571 54 66 1292 491 65 82 
1447 619 571 54 67 1292 490 66 83 
1448 620 570 53 67 1293 488 65 86 
1449 621 571 54 67 1294 487 65 86 
1450 621 571 55 66 1296 485 64 87 
1451 622 570 55 68 1296 482 64 90 
1452 623 570 55 69 1297 481 64 90 
1453 623 571 56 68 1297 480 64 91 
1454 624 571 56 68 1298 478 64 90 
1455 625 571 55 67 1298 476 64 91 
1456 626 572 55 66 1299 475 64 91 
1457 626 572 56 66 1299 473 64 91 
1458 626 572 55 65 1300 472 65 92 
1459 627 572 57 66 1299 468 67 93 
1460 628 572 57 66 1300 467 67 93 
1461 630 573 57 66 1301 467 67 93 
1462 633 574 55 66 1302 467 68 93 
1463 635 575 55 65 1305 467 65 90 
1464 638 576 54 63 1304 467 67 90 
1465 639 576 54 64 1306 466 67 88 
1466 640 575 55 65 1307 466 68 88 
1467 641 575 56 67 1308 465 69 87 
1468 644 576 56 67 1309 464 68 86 
1469 646 576 55 67 1309 463 68 85 
1470 647 577 56 67 1310 462 69 85 
1471 649 578 56 67 1309 462 70 85 
1472 651 579 55 66 1311 462 68 82 
1473 653 579 55 65 1311 460 68 84 
1474 656 582 54 66 1313 460 68 81 
1475 657 584 53 64 1314 458 66 83 
1476 659 584 53 64 1314 457 68 85 
1477 660 583 56 69 1315 455 67 85 
1478 663 583 56 70 1317 455 68 84 
1479 664 584 57 69 1318 454 67 84 
1480 666 583 58 70 1321 454 68 85 
1481 667 583 58 70 1322 452 69 87 
1482 669 582 58 67 1323 451 70 88 
1483 671 582 58 67 1326 450 70 90 
1484 674 582 58 67 1326 449 72 93 
1485 676 583 57 67 1327 447 73 95 
1486 677 583 56 66 1328 444 73 98 
1487 679 583 57 65 1328 443 73 98 
1488 682 583 56 64 1328 440 74 98 
1489 685 585 55 62 1330 439 74 101 
1490 687 585 54 61 1331 439 73 100 
1491 689 586 53 62 1333 439 74 100 
1492 691 585 51 62 1335 439 76 100 
1493 691 584 51 63 1337 439 75 101 
1494 692 585 51 62 1337 439 76 100 
1495 695 585 50 61 1340 440 75 99 
1496 697 586 51 62 1340 441 76 97 
1497 698 586 51 63 1344 440 76 96 
1498 700 586 51 63 1346 439 77 95 
1499 702 587 51 63 1351 435 74 97 
1500 703 586 53 64 1355 434 73 100 
1501 705 587 54 66 1356 431 74 102 
1502 706 587 55 66 1356 429 75 106 
1503 706 587 54 64 1357 427 76 106 
1504 707 588 54 65 1359 426 77 106 
1505 708 589 52 64 1362 422 79 107 
1506 711 589 52 64 1365 420 80 106 
1507 711 590 54 62 1367 419 84 106 
1508 714 591 52 60 1369 416 84 104 
1509 717 593 50 58 1372 413 81 103 
1510 721 593 48 58 1376 411 81 103 
1511 724 594 48 60 1380 410 78 104 
1512 727 593 48 60 1382 407 78 105 
1513 730 595 48 59 1386 407 76 98 
1514 733 595 48 59 1390 405 75 98 
1515 735 596 48 58 1394 403 75 97 
1516 737 597 49 58 1395 398 78 101 
1517 738 598 47 56 1394 396 80 103 
1518 740 598 46 56 1396 396 80 101 
1519 740 598 46 56 1397 392 80 106 
1520 741 597 47 56 1397 390 81 108 
1521 743 596 48 57 1399 388 82 109 
1522 743 595 49 58 1402 386 84 111 
1523 746 597 47 56 1405 386 84 111 
1524 748 596 47 57 1407 384 85 112 
1525 748 595 49 57 1408 383 84 114 
1526 748 594 50 58 1408 380 87 115 
1527 751 596 49 58 1409 380 88 113 
1528 754 597 47 57 1410 378 92 114 
1529 1414 377 88 114 756 598 45 55 
1530 1415 375 89 113 758 598 45 56 
1531 1417 375 89 112 761 598 45 55 
1532 1420 374 87 114 765 599 45 55 
1533 1422 373 87 117 766 598 46 57 
1534 1423 369 91 120 770 598 44 56 
1535 1423 368 92 120 771 599 46 56 
1536 1424 365 93 123 773 600 46 54 
1537 1425 363 94 120 774 601 45 55 
1538 1428 360 92 119 776 601 45 56 
1539 1429 358 94 120 777 601 43 55 
1540 1431 357 95 120 777 601 46 57 
1541 1431 355 100 123 778 600 48 58 
1542 1431 352 100 128 779 600 48 58 
1543 1434 348 98 128 780 598 49 60 
1544 1436 346 97 129 781 599 50 59 
1545 783 597 50 60 1438 346 98 130 
1546 785 597 48 60 1440 344 99 129 
1547 788 596 49 61 1441 342 105 128 
1548 790 596 49 61 1442 338 102 128 
1549 792 597 49 59 1443 336 105 131 
1550 1444 330 104 132 794 596 48 60 
1551 797 596 50 60 1443 328 106 131 
1552 802 597 48 60 1446 323 105 133 
1553 1448 321 104 134 804 599 48 58 
1554 1451 318 104 137 805 599 48 57 
1555 808 598 47 56 1451 313 106 139 
1556 1453 309 105 139 810 598 47 54 
1557 810 598 50 58 1455 308 103 137 
1558 812 597 48 58 1458 306 102 136 
1559 814 595 49 58 1461 301 99 138 
1560 1463 297 100 139 814 593 52 60 
1561 815 593 53 61 1466 294 99 137 
1562 816 593 53 61 1467 291 102 140 
1563 817 595 54 58 1468 287 105 141 
1564 819 595 53 56 1470 285 107 141 
1565 822 596 50 57 1471 282 107 140 
1566 825 594 51 59 1472 279 106 138 
1567 832 595 50 58 1472 274 109 143 
1568 837 594 49 58 1474 270 113 144 
1569 843 594 46 58 1475 267 113 145 
1570 848 597 43 56 1475 265 118 145 
1571 851 598 43 56 1477 263 118 145 
1572 853 598 46 56 1479 263 118 149 
1573 856 597 45 57 1480 263 117 146 
1574 857 597 46 57 1485 261 113 147 
1575 859 596 48 56 1487 259 113 148 
1576 863 595 46 55 1490 257 112 150 
1577 866 594 48 60 1492 256 112 147 
1578 870 595 47 59 1493 252 117 150 
1579 871 595 47 58 1493 249 120 156 
1580 872 595 48 59 1497 247 119 153 
1581 874 594 48 61 1502 244 119 155 
1582 1503 242 123 155 879 596 46 57 
1583 1509 241 124 158 885 596 44 56 
1584 1510 238 125 159 890 598 41 54 
1585 1513 234 125 160 894 598 41 53 
1586 1517 229 122 162 897 598 41 54 
1587 898 598 42 57 1523 231 119 159 
1588 1526 228 118 164 900 597 42 56 
1589 902 596 42 56 1530 227 120 162 
1590 904 595 43 57 1533 222 125 167 
1591 907 594 46 58 1537 218 130 166 
1592 909 596 45 57 1543 216 125 166 
1593 912 596 45 56 1543 211 127 169 
1594 913 594 47 57 1547 209 128 170 
1595 914 593 47 59 1552 206 127 171 
1596 916 591 47 59 1552 199 136 168 
1597 916 591 48 59 1557 195 135 167 
1598 920 591 48 58 1562 195 130 163 
1599 923 591 47 59 1565 184 132 165 
1600 927 592 46 57 1572 178 132 173 
1601 930 592 44 56 1577 173 134 173 
1602 933 592 43 57 1578 166 136 177 
1603 934 592 43 57 1581 164 136 178 
1604 936 593 43 56 1584 160 140 176 
1605 938 591 45 57 1585 157 144 174 
1606 940 592 45 57 1589 155 139 168 
1607 943 591 45 58 1593 152 137 170 
1608 946 590 47 61 1599 147 135 176 
1609 948 592 46 60 1602 143 134 179 
1610 952 593 44 58 1604 135 138 186 
1611 952 592 46 59 1607 131 137 191 
1612 954 591 46 59 1611 127 136 188 
1613 1614 124 133 184 955 592 46 59 
1614 1615 118 137 189 957 590 46 60 
1615 959 591 46 60 1616 112 137 192 
1616 963 592 45 57 1620 112 139 192 
1617 967 592 44 58 1620 108 141 196 
1618 970 594 43 58 1621 105 145 198 
1619 972 595 44 59 1625 102 141 195 
1620 973 593 46 61 1626 97 146 198 
1621 974 590 48 63 1623 90 152 198 
1622 975 591 46 61 1625 87 153 198 
1623 977 589 46 63 1631 91 148 198 
1624 978 588 46 64 1634 86 149 200 
1625 979 589 50 64 1631 82 158 198 
1626 984 589 51 64 1633 74 161 206 
1627 986 589 51 66 1635 70 167 203 
1628 988 588 50 65 1637 69 169 204 
1629 991 588 49 67 1639 66 168 204 
1630 990 587 52 69 1641 60 172 210 
1631 992 587 53 69 1642 55 174 216 
1632 994 586 55 70 1649 58 172 212 
1633 998 585 56 73 1650 51 174 219 
1634 1000 586 58 73 1650 43 175 227 
1635 1002 587 56 70 1650 40 186 221 
1636 1005 588 52 67 1651 36 186 222 
1637 1007 587 51 67 1652 31 184 222 
1638 1008 587 52 66 1653 28 184 224 
1639 1010 586 51 66 1659 24 172 227 
1640 1012 588 51 65 1656 22 180 228 
1641 1015 587 49 65 1655 9 180 235 
1642 1018 586 50 65 1660 13 176 227 
1643 1021 587 50 65 1658 9 183 228 
1644 1024 587 49 66 1656 0 181 228 
1645 1026 588 50 66 1656 0 178 216 
1646 1029 587 51 66 1657 0 179 215 
1647 1031 588 54 67 1657 0 181 207 
1648 1034 586 53 68 1659 3 180 203 
1649 1036 587 55 68 1658 0 182 200 
1650 1041 587 51 66 1661 0 174 191 
1651 1043 587 51 66 1661 0 178 186 
1652 1046 587 50 64 1659 0 184 185 
1653 1049 587 50 66 
1654 1050 586 50 66 
1655 1052 587 50 66 1660 0 195 185 
1656 1055 586 51 67 1652 0 200 177 
1657 1057 585 52 67 1651 0 204 177 
1658 1061 586 53 65 1658 1 197 175 
1659 1063 585 52 65 1654 0 209 175 
1660 1066 584 52 66 1652 0 208 168 
1661 1068 585 53 67 1649 0 210 162 
1662 1071 585 54 66 1648 0 209 158 
1663 1073 583 53 68 1644 0 216 155 
1664 1075 582 53 69 1650 0 207 151 
1665 1078 580 53 68 
1666 1080 580 53 71 1644 0 209 147 
1667 1081 580 53 71 1644 0 203 136 
1668 1083 580 52 69 
1669 1085 580 53 69 
1670 1086 579 53 70 1651 0 203 137 
1671 1088 580 51 69 1652 0 204 137 
1672 1090 580 51 69 
1673 1091 580 50 68 
1674 1092 580 52 70 
1675 1095 581 51 69 
1676 1097 581 51 69 
1677 1098 580 52 69 
1678 1099 580 54 70 
1679 1101 577 53 72 
1680 1102 580 54 69 
1681 1106 579 53 71 
1682 1108 579 53 69 
1683 1110 580 53 70 
1684 1111 580 53 70 
1685 1113 578 51 72 
1686 1114 578 51 71 
1687 1115 579 52 70 
1688 1116 578 52 70 
1689 1117 579 52 70 
1690 1120 579 50 69 
1691 1121 579 51 69 
1692 1121 578 52 69 
1693 1122 577 52 70 
1694 1122 575 52 72 
1695 1122 575 53 71 
1696 1125 575 51 70 
1697 1126 574 52 72 
1698 1127 573 51 72 
1699 1129 574 52 72 
1700 1130 573 52 72 
1701 1131 573 52 71 
1702 1132 572 53 71 
1703 1133 571 54 72 
1704 1135 572 54 70 
1705 1136 570 54 71 
1706 1137 569 55 72 
1707 1139 568 55 73 
1708 1140 568 55 74 
1709 1141 567 54 73 
1710 1144 567 52 73 
1711 1147 567 51 71 
1712 1149 567 50 72 
1713 1150 567 51 71 
1714 1151 567 50 69 
1715 1152 567 52 69 
1716 1153 566 53 72 
1717 1154 565 54 74 
1718 1155 565 53 75 
1719 1157 565 52 74 
1720 1160 566 53 74 
1721 1161 567 52 73 
1722 1163 567 53 75 
1723 1166 567 54 76 
1724 1168 568 55 74 
1725 1170 568 53 72 
1726 1171 568 55 73 
1727 1172 566 55 74 
1728 1174 565 54 74 
1729 1176 563 55 73 
1730 1179 561 53 75 
1731 1182 561 53 74 
1732 1184 561 50 73 
1733 1185 557 51 74 
1734 1186 555 52 76 
1735 1184 555 52 74 
1736 1187 555 54 73 
1737 1188 553 55 76 
1738 1192 551 55 75 
1739 1196 552 54 76 
1740 1196 552 56 77 
1741 1198 548 57 79 
1742 1201 553 51 65 
1743 
1744 
1745 
1746 
1747 
1748 
1749 
1750 
1751 
1752 
1753 
1754 
1755 
1756 
1757 
1758 
1759 
1760 
1761 
1762 
1763 
1764 
1765 
1766 
1767 
1768 
1769 
1770 
1771 
1772 1219 534 54 77 
1773 1218 535 56 83 
1774 1217 534 57 83 
1775 1217 534 57 83 
1776 1219 533 56 81 
1777 1220 531 56 81 
1778 1220 530 57 82 
1779 1222 529 57 82 
1780 1224 531 57 79 
1781 1224 530 57 80 
1782 1224 529 56 79 
1783 1224 527 58 80 
1784 1226 526 57 81 
1785 1226 526 59 81 
1786 1226 526 59 82 
1787 1227 525 60 81 
1788 1228 524 61 82 
1789 1230 523 60 82 
1790 1233 521 61 88 
1791 1234 519 63 90 
1792 1235 520 62 88 
1793 1238 520 60 88 
1794 1239 521 61 88 
1795 1239 520 62 88 
1796 1241 520 63 87 
1797 1244 523 64 86 
1798 1246 523 63 85 
1799 1248 522 63 85 
1800 1250 520 62 88 
1801 1251 518 63 87 
1802 1253 516 61 87 
1803 1255 513 60 89 
1804 1256 510 59 90 
1805 1258 508 58 92 
1806 1259 506 60 94 
1807 1262 503 59 96 
1808 1263 502 60 96 
1809 1265 501 61 96 
1810 1266 503 62 94 
1811 1266 501 63 95 
1812 1266 500 64 96 
1813 1266 501 64 93 
1814 1267 501 64 95 
1815 1269 498 64 95 
1816 1271 495 66 99 
1817 1273 494 67 99 
1818 1275 495 66 96 
1819 1277 494 64 94 
1820 1278 494 64 92 
1821 1281 493 63 92 
1822 1282 493 63 91 
1823 1284 493 63 91 
1824 1285 492 63 90 
1825 1285 491 63 91 
1826 1286 490 64 92 
1827 1288 490 64 91 
1828 1287 488 65 95 
1829 1288 489 67 92 
1830 1289 487 67 93 
1831 1290 485 67 94 
1832 1291 484 67 97 
1833 1293 482 67 99 
1834 1293 482 67 98 
1835 1293 481 67 100 
1836 1294 479 68 102 101 2 183 136 
1837 1295 477 68 104 96 6 187 139 
1838 1295 476 69 103 103 5 181 146 
1839 1296 476 70 104 108 7 176 151 
1840 1297 473 70 102 107 7 174 156 
1841 1298 471 71 102 102 7 184 161 
1842 1298 470 72 102 103 4 178 166 
1843 1298 469 74 104 99 0 183 172 
1844 1298 466 76 107 99 1 184 170 
1845 1299 466 76 106 108 1 173 173 
1846 1301 464 76 106 110 3 170 172 
1847 1302 463 75 105 109 3 171 176 
1848 1303 461 78 107 107 4 174 175 
1849 1304 458 79 108 111 6 172 182 
1850 1307 457 78 106 109 9 174 183 
1851 1310 458 77 104 112 12 172 185 
1852 1312 458 78 102 112 15 171 186 
1853 1314 458 77 101 114 16 170 191 
1854 1317 455 78 104 114 19 168 191 
1855 1320 453 78 104 117 21 165 188 
1856 1321 452 78 107 117 24 166 187 
1857 1321 450 80 110 119 29 166 188 
1858 1322 449 80 109 120 34 164 188 
1859 1323 449 79 107 122 38 164 188 
1860 1324 449 81 106 122 42 164 190 
1861 1326 447 83 108 122 46 165 189 
1862 1328 444 83 110 123 50 165 188 
1863 1330 444 84 110 125 56 162 184 
1864 1332 444 86 111 126 62 162 187 
1865 1335 444 87 112 126 66 163 185 
1866 129 72 160 185 1338 444 87 113 
1867 128 79 160 184 1343 443 83 111 
1868 132 84 160 185 1347 444 80 108 
1869 129 92 162 177 1353 443 75 107 
1870 129 96 166 179 1358 443 74 104 
1871 1360 440 75 110 130 101 165 185 
1872 130 107 162 182 1360 437 78 113 
1873 134 112 157 183 1362 434 79 113 
1874 133 120 157 179 1363 434 80 112 
1875 137 125 152 182 1364 432 83 113 
1876 139 129 154 182 1368 429 85 114 
1877 134 135 161 182 1369 427 88 115 
1878 139 144 154 177 1372 424 88 115 
1879 142 149 149 177 1375 420 88 115 
1880 1379 420 86 113 146 156 145 175 
1881 1384 418 84 110 147 163 145 174 
1882 1387 417 86 112 150 169 144 171 
1883 1392 415 84 114 153 172 141 170 
1884 155 176 137 167 1394 411 84 117 
1885 155 181 140 165 1396 409 83 117 
1886 1399 409 82 117 157 183 139 162 
1887 1401 407 83 117 158 185 139 163 
1888 1403 404 85 118 159 187 137 164 
1889 1403 400 88 121 161 190 136 163 
1890 1404 397 92 126 164 192 133 160 
1891 165 196 133 160 1405 395 93 128 
1892 169 203 129 158 1406 394 94 127 
1893 168 208 129 155 1408 394 96 125 
1894 170 213 130 155 1409 393 98 126 
1895 172 214 127 155 1412 393 98 126 
1896 173 216 127 155 1416 392 94 123 
1897 180 217 121 156 1417 390 94 123 
1898 185 221 121 154 1420 388 95 125 
1899 1421 387 97 127 187 226 122 153 
1900 1424 384 97 132 190 230 123 150 
1901 193 234 126 148 1424 381 97 133 
1902 195 238 125 145 1426 379 98 134 
1903 196 242 125 145 1428 379 99 136 
1904 198 245 124 145 1428 377 102 135 
1905 200 249 125 148 1430 377 101 135 
1906 203 251 126 152 1432 377 101 136 
1907 204 255 126 151 1435 377 100 131 
1908 204 258 128 150 1438 376 101 132 
1909 206 261 129 147 1439 374 100 135 
1910 1443 373 101 133 208 265 130 144 
1911 211 266 132 146 1444 370 102 132 
1912 1445 368 103 133 217 268 130 146 
1913 222 271 129 147 1446 361 105 138 
1914 226 276 128 145 1447 357 105 139 
1915 229 283 126 143 1448 354 106 141 
1916 232 288 127 142 1449 350 105 144 
1917 234 293 128 145 1451 348 104 145 
1918 237 296 125 143 1452 345 104 146 
1919 239 302 124 141 1453 342 105 149 
1920 242 305 122 139 1453 342 107 148 
1921 1453 340 109 150 247 307 122 141 
1922 1456 337 110 153 252 308 124 143 
1923 259 314 120 137 1458 335 109 149 
1924 265 316 120 139 1460 331 110 152 
1925 271 316 119 142 1462 329 110 154 
1926 273 318 120 141 1463 327 111 153 
1927 276 319 122 142 1467 324 112 154 
1928 1471 323 111 150 282 321 119 140 
1929 1472 320 112 148 284 322 120 136 
1930 1475 317 112 147 286 322 122 137 
1931 1478 316 113 150 290 328 119 138 
1932 1481 313 112 149 292 330 118 139 
1933 1481 312 114 152 292 332 122 140 
1934 1485 311 112 151 300 338 115 133 
1935 1487 307 112 155 308 343 111 128 
1936 1488 304 115 157 309 346 116 126 
1937 1490 301 117 161 313 347 118 129 
1938 1496 300 114 160 318 349 116 131 
1939 324 351 111 129 1502 301 114 159 
1940 1505 298 119 162 327 351 109 129 
1941 1506 296 125 163 333 354 105 126 
1942 1510 292 122 167 338 354 103 123 
1943 339 356 104 124 1515 295 121 161 
1944 340 358 106 124 1518 293 121 162 
1945 341 360 109 125 1525 288 118 163 
1946 347 362 106 123 1527 285 121 173 
1947 352 362 102 124 1533 280 116 176 
1948 356 365 98 120 1535 278 118 174 
1949 358 367 97 120 1536 274 122 174 
1950 360 370 98 118 1540 268 124 175 
1951 364 374 96 117 1543 265 127 173 
1952 366 379 96 114 1546 265 128 170 
1953 368 382 96 115 1548 260 128 168 
1954 369 383 98 115 1554 257 127 167 
1955 370 385 99 117 1558 253 129 169 
1956 371 387 100 119 1562 249 130 174 
1957 373 390 98 117 1565 247 131 176 
1958 376 393 97 113 1567 240 135 178 
1959 380 398 94 114 1572 234 131 177 
1960 1575 230 132 173 382 402 94 111 
1961 1578 228 134 175 384 404 93 112 
1962 385 407 94 112 1580 225 136 176 
1963 388 409 92 113 1583 225 138 177 
1964 390 412 92 112 1583 221 139 179 
1965 391 415 91 112 1585 216 138 175 
1966 391 416 93 115 1592 209 135 182 
1967 1592 204 140 187 391 418 95 114 
1968 1596 200 140 192 394 420 94 113 
1969 1596 193 145 196 394 421 95 113 
1970 1599 189 145 199 397 424 91 109 
1971 1600 185 144 200 399 424 90 110 
1972 1604 185 142 194 400 424 90 110 
1973 1609 183 138 192 401 425 90 109 
1974 1611 182 139 192 402 426 90 108 
1975 1612 180 141 196 403 427 89 106 
1976 1613 177 143 197 405 428 89 105 
1977 1614 174 143 200 407 429 89 107 
1978 1614 170 144 202 410 430 88 108 
1979 1615 168 146 206 413 432 87 108 
1980 1616 164 146 208 416 434 85 106 
1981 1618 162 149 208 415 434 87 107 
1982 1620 160 152 209 419 435 84 107 
1983 1621 158 156 209 423 437 82 104 
1984 1617 152 159 208 426 441 82 101 
1985 1614 146 159 211 427 442 82 98 
1986 1616 144 158 210 429 445 82 96 
1987 1616 141 161 210 430 445 80 96 
1988 1614 137 165 212 431 447 81 96 
1989 1613 133 169 213 431 450 82 95 
1990 1614 128 172 215 434 452 80 95 
1991 436 454 79 95 1617 124 168 214 
1992 437 455 77 94 1618 119 172 219 
1993 437 455 79 95 1616 110 176 222 
1994 439 455 78 100 1615 107 176 221 
1995 441 458 79 98 1619 105 171 214 
1996 443 460 80 96 1617 99 173 216 
1997 1621 96 174 221 446 463 78 96 
1998 1623 91 175 219 447 465 79 96 
1999 1625 83 177 223 448 468 80 94 
2000 1626 71 179 231 452 471 78 88 
2001 1626 67 182 233 455 472 75 88 
2002 1628 63 187 236 457 473 74 89 
2003 1630 61 190 236 462 473 72 91 
2004 1630 53 192 239 464 474 72 91 
2005 1632 51 192 240 469 477 70 93 
2006 1638 43 185 243 473 477 70 94 
2007 1640 33 183 252 475 479 69 93 
2008 1639 27 183 249 477 481 68 92 
2009 1637 25 194 246 478 480 68 91 
2010 1640 22 192 249 480 481 69 91 
2011 1642 14 189 252 482 481 68 91 
2012 1640 9 196 254 484 482 68 91 
2013 1646 6 192 246 485 482 72 95 
2014 1646 4 196 242 488 481 69 95 
2015 1650 4 195 241 491 481 73 97 
2016 1652 0 202 244 493 480 75 98 
2017 1654 0 202 242 495 482 76 98 
2018 1658 0 203 241 499 482 76 99 
2019 1661 0 204 230 501 483 74 96 
2020 1661 0 207 223 503 484 72 93 
2021 1663 0 207 220 504 486 73 93 
2022 1664 0 208 213 504 487 74 92 
2023 507 488 71 90 1661 0 211 208 
2024 508 488 70 91 1661 0 212 209 
2025 511 489 70 91 1661 0 214 199 
2026 511 489 71 90 1663 0 207 183 
2027 512 490 72 90 1662 0 215 178 
2028 513 492 71 89 1682 0 201 175 
2029 514 493 71 89 1680 3 211 176 
2030 516 494 68 86 1680 2 220 164 
2031 516 494 68 87 1682 0 217 166 
2032 518 495 69 86 1678 0 225 169 
2033 519 496 68 88 
2034 520 497 67 87 
2035 523 500 66 87 
2036 526 502 63 87 
2037 528 505 62 84 
2038 531 509 59 82 
2039 532 512 60 83 
2040 534 513 59 82 
2041 534 514 59 79 
2042 537 516 58 77 
2043 539 517 59 79 
2044 539 518 61 80 
2045 540 519 60 80 
2046 541 520 62 81 
2047 543 521 61 81 
2048 544 523 60 78 
2049 545 523 61 77 
2050 546 524 60 79 
2051 546 523 61 79 
2052 548 524 61 80 
2053 548 524 64 81 
2054 550 524 62 81 
2055 550 525 63 81 
2056 550 525 65 81 
2057 552 527 65 81 
2058 553 529 66 79 
2059 554 530 66 79 
2060 555 531 66 78 
2061 556 531 66 77 
2062 558 531 64 77 
2063 561 533 62 74 
2064 564 534 59 74 
2065 566 534 58 73 
2066 567 535 59 71 
2067 568 537 58 69 
2068 569 537 58 70 
2069 570 535 56 72 
2070 571 536 57 73 
2071 572 536 58 72 
2072 573 536 59 75 
2073 575 536 56 74 
2074 578 537 54 73 
2075 579 538 53 72 
2076 580 541 52 72 
2077 582 542 52 71 
2078 584 542 54 72 
2079 585 544 54 72 
2080 586 545 54 72 
2081 587 546 54 72 
2082 587 546 55 74 
2083 589 548 54 72 
2084 589 548 56 75 
2085 589 549 58 75 
2086 592 549 57 73 
2087 596 550 57 74 
2088 607 557 51 69 
2089 608 555 53 71 
2090 605 553 57 74 
2091 609 555 55 72 
2092 611 556 54 72 
2093 613 555 54 73 
2094 614 554 52 73 
2095 615 555 54 71 
2096 617 555 54 70 
2097 618 556 54 69 
2098 620 555 55 69 
2099 622 555 56 69 
2100 624 556 56 69 
2101 625 556 56 69 
2102 626 558 56 67 
2103 627 557 58 68 
2104 629 557 58 68 
2105 630 557 58 69 
2106 635 558 58 69 
2107 639 558 57 69 
2108 639 557 57 71 
2109 641 558 59 68 
2110 644 559 57 68 
2111 650 560 55 66 
2112 
2113 
2114 
2115 
2116 
2117 
2118 
2119 
2120 
2121 
2122 
2123 117 159 1041 1197 
2124 
2125 
2126 
2127 
2128 
2129 
2130 
2131 
2132 
2133 
2134 
2135 
2136 
2137 
2138 
2139 
2140 707 592 36 47 
2141 694 584 45 58 
2142 693 583 46 59 
2143 692 583 47 59 
2144 692 584 49 57 
2145 693 584 49 57 
2146 695 582 50 58 
2147 696 582 49 59 
2148 699 580 49 61 
2149 701 580 49 60 
2150 701 580 50 61 
2151 705 579 49 61 
2152 705 578 49 62 
2153 709 581 49 61 
2154 710 581 51 61 
2155 712 582 49 60 
2156 713 583 49 60 
2157 714 583 50 60 
2158 714 584 50 60 
2159 714 584 51 59 
2160 715 584 51 58 
2161 718 585 49 57 
2162 721 585 48 58 
2163 722 584 49 60 
2164 724 585 47 58 
2165 726 586 46 57 
2166 729 587 45 57 
2167 730 587 46 57 
2168 731 587 47 58 
2169 733 589 47 59 
2170 735 590 46 58 
2171 737 591 46 56 
2172 738 591 47 57 
2173 740 591 48 58 
2174 741 590 48 61 
2175 742 590 49 62 
2176 744 589 48 61 
2177 745 591 52 61 
2178 746 591 54 63 
2179 749 592 52 61 
2180 751 593 49 59 
2181 755 594 48 58 
2182 758 596 46 56 
2183 765 596 44 55 
2184 766 596 44 55 
2185 768 594 44 56 
2186 770 593 43 59 
2187 772 593 43 58 
2188 774 594 44 58 
2189 775 596 43 55 
2190 776 596 42 53 
2191 777 595 42 56 
2192 779 594 42 55 
2193 779 594 42 55 
2194 781 591 42 55 
2195 782 590 44 56 
2196 783 588 45 58 13 3 209 156 
2197 786 589 46 56 7 1 200 162 
2198 786 590 48 57 6 2 203 154 
2199 789 590 47 57 4 6 201 157 
2200 791 590 46 57 4 6 198 165 
2201 793 591 47 56 
2202 796 592 46 55 
2203 798 593 45 54 
2204 801 593 45 55 
2205 802 593 44 54 
2206 802 593 43 55 0 6 175 170 
2207 803 594 43 55 3 3 164 167 
2208 804 594 43 55 4 0 161 177 
2209 806 594 43 55 6 0 160 188 
2210 7 0 158 199 809 593 41 55 
2211 4 0 160 202 809 596 42 53 
2212 4 3 161 208 811 597 42 53 
2213 4 2 160 208 810 598 44 52 
2214 3 4 162 207 812 597 44 52 
2215 4 2 159 207 811 597 45 50 
2216 7 3 155 208 812 596 47 50 
2217 7 4 154 207 813 597 45 48 
2218 7 8 155 206 812 598 46 46 
2219 6 8 158 209 814 600 49 49 
2220 7 6 157 216 815 600 49 52 
2221 7 8 158 217 815 599 52 53 
2222 8 13 157 220 816 601 53 52 
2223 8 14 158 224 821 603 51 51 
2224 9 15 159 227 820 603 53 51 
2225 7 22 162 223 821 602 52 52 
2226 7 26 163 217 824 605 50 50 
2227 6 35 164 214 826 604 49 51 
2228 7 38 169 211 832 603 49 52 
2229 7 42 170 210 833 602 49 53 
2230 6 49 175 204 838 605 46 50 
2231 10 53 177 201 845 607 41 48 
2232 11 60 181 197 851 607 38 48 
2233 10 65 186 204 851 608 37 48 
2234 9 70 189 205 853 608 38 50 
2235 11 77 189 205 856 608 37 49 
2236 17 78 192 206 857 608 36 47 
2237 27 83 181 209 858 609 36 46 
2238 39 86 177 204 859 610 36 45 
2239 47 90 170 202 860 609 38 46 
2240 51 90 172 205 861 609 37 45 
2241 51 94 174 206 861 608 39 43 
2242 54 94 179 214 864 609 37 44 
2243 58 97 179 219 865 609 39 46 
2244 68 101 178 216 868 610 37 45 
2245 73 105 174 209 867 608 39 46 
2246 81 107 171 207 871 605 40 50 
2247 85 110 170 204 872 604 41 51 
2248 88 110 168 208 874 606 40 49 
2249 95 113 168 211 875 606 39 48 
2250 99 119 170 207 878 607 39 46 
2251 105 121 163 205 881 609 38 46 
2252 112 125 170 205 881 609 39 45 
2253 118 126 168 207 883 610 39 47 
2254 124 128 165 206 888 610 37 46 
2255 121 134 169 198 889 609 38 47 
2256 125 138 165 196 892 611 35 45 
2257 128 145 164 193 894 613 34 45 
2258 129 146 164 199 898 612 33 45 
2259 133 150 164 201 899 611 34 46 
2260 137 155 161 197 901 612 34 45 
2261 143 159 158 192 901 611 34 45 
2262 146 161 158 193 902 611 34 45 
2263 154 163 153 186 902 608 35 46 
2264 159 163 153 190 903 605 38 48 
2265 162 168 152 192 903 604 39 48 
2266 163 171 153 193 904 605 37 46 
2267 164 174 153 195 903 605 38 48 
2268 165 178 156 190 904 603 40 50 
2269 169 183 155 185 907 601 42 53 
2270 172 188 154 185 912 604 39 51 
2271 175 192 153 185 914 605 39 49 
2272 177 197 153 183 915 606 40 49 
2273 179 199 153 184 914 605 41 51 
2274 185 203 147 181 916 605 41 49 
2275 186 210 145 180 920 604 43 51 
2276 188 210 149 187 922 603 44 53 
2277 191 217 147 182 924 604 44 53 
2278 191 221 153 186 927 606 42 51 
2279 194 230 149 177 932 608 40 50 
2280 196 231 145 182 934 607 39 50 
2281 199 238 145 176 934 605 41 52 
2282 197 241 149 179 936 604 41 51 
2283 201 247 147 175 938 606 38 47 
2284 206 249 143 172 938 603 40 47 
2285 207 252 142 172 941 603 39 46 
2286 209 256 141 172 940 599 44 53 
2287 210 258 138 170 939 598 45 55 
2288 211 258 138 172 941 597 46 56 
2289 211 262 140 170 942 596 47 58 
2290 211 265 143 169 944 596 46 56 
2291 211 267 147 168 947 598 44 53 
2292 212 269 145 168 948 594 44 58 
2293 215 271 145 168 951 597 41 52 
2294 218 273 144 166 954 597 40 52 
2295 219 274 145 167 958 598 37 49 
2296 221 279 141 163 960 597 39 50 
2297 221 285 143 159 962 598 41 51 
2298 227 287 138 157 962 597 43 53 
2299 231 290 139 159 966 597 42 53 
2300 234 293 137 159 967 596 42 54 
2301 239 297 132 156 969 598 41 52 
2302 242 299 130 154 971 596 41 54 
2303 245 301 127 153 973 595 42 55 
2304 245 304 127 153 974 592 44 55 
2305 247 305 126 152 975 590 45 56 
2306 249 304 123 152 977 588 46 58 
2307 251 306 123 153 978 589 46 55 
2308 252 309 129 155 980 586 47 58 
2309 253 312 133 153 982 586 47 60 
2310 256 313 131 152 983 586 47 60 
2311 260 315 128 154 985 585 49 61 
2312 262 316 129 153 985 585 49 62 
2313 266 317 128 151 986 586 48 61 
2314 270 320 128 154 989 586 46 60 
2315 273 327 125 148 993 587 43 59 
2316 277 328 124 146 996 588 41 56 
2317 278 333 127 144 998 588 43 58 
2318 280 333 126 143 999 589 44 57 
2319 283 336 124 144 1000 589 44 58 
2320 283 339 125 145 1002 589 44 60 
2321 286 341 122 141 1003 588 46 63 
2322 290 346 122 138 1006 589 46 63 
2323 291 348 127 143 1008 589 46 64 
2324 291 353 133 145 1010 591 46 62 
2325 294 353 134 148 1012 591 46 61 
2326 297 356 135 147 1013 591 48 61 
2327 306 364 125 141 1014 591 48 61 
2328 310 363 123 145 1016 590 48 61 
2329 314 366 122 142 1020 590 46 59 
2330 320 372 120 138 1023 590 48 60 
2331 324 373 117 139 1027 591 48 59 
2332 328 374 117 135 1031 590 46 58 
2333 329 374 119 138 1035 589 46 59 
2334 334 374 120 136 1038 590 46 58 
2335 340 376 120 136 1042 590 46 58 
2336 343 376 124 136 1045 588 46 60 
2337 352 379 116 134 1048 588 45 62 
2338 358 380 113 134 1050 589 45 60 
2339 361 382 112 132 1052 588 44 60 
2340 365 384 109 130 1054 589 44 58 
2341 366 387 108 126 1055 587 45 59 
2342 368 390 108 125 1057 585 45 60 
2343 370 394 109 123 1058 584 47 60 
2344 371 393 110 126 1061 586 48 60 
2345 374 392 112 127 1063 586 49 61 
2346 379 394 111 128 1064 587 49 60 
2347 384 394 110 128 1066 587 47 59 
2348 387 395 109 128 1069 586 48 59 
2349 392 394 109 133 1071 585 48 60 
2350 397 395 105 133 1074 585 47 60 
2351 399 397 106 131 1076 585 47 59 
2352 401 399 104 130 1077 585 47 58 
2353 404 401 101 128 1080 582 45 60 
2354 405 404 102 126 1082 582 46 60 
2355 406 408 102 121 1084 583 45 59 
2356 408 410 101 121 1085 584 45 58 
2357 410 413 100 118 1087 585 44 57 
2358 410 413 100 118 1089 585 44 58 
2359 412 415 98 116 1090 586 44 58 
2360 414 417 97 118 1090 584 45 59 
2361 415 418 97 120 1091 585 43 57 
2362 418 419 97 120 1092 584 44 58 
2363 418 422 98 119 1093 584 45 58 
2364 421 423 97 120 1093 583 46 59 
2365 423 425 97 119 1095 584 44 57 
2366 425 426 98 118 1096 583 46 60 
2367 425 430 101 115 1098 583 46 59 
2368 428 430 102 119 1100 583 46 59 
2369 432 435 98 115 1102 583 48 62 
2370 434 436 97 114 1103 584 47 61 
2371 438 437 96 116 1104 585 48 61 
2372 440 437 94 117 1105 585 47 60 
2373 443 438 94 119 1107 584 47 62 
2374 444 439 92 117 1109 584 47 60 
2375 447 440 92 117 1110 585 46 60 
2376 448 440 92 117 1112 585 46 60 
2377 449 443 93 114 1114 585 46 59 
2378 451 444 92 114 1115 585 47 58 
2379 454 449 89 110 1117 585 47 58 
2380 455 449 89 109 1116 583 48 59 
2381 457 450 89 109 1118 583 47 59 
2382 460 451 86 109 1118 581 48 60 
2383 461 454 85 105 1119 580 48 61 
2384 465 454 81 105 1120 579 48 61 
2385 467 455 81 104 1121 577 48 63 
2386 469 457 80 103 1121 575 50 65 
2387 470 458 82 104 1122 575 50 65 
2388 471 458 83 105 1123 575 49 64 
2389 474 459 83 104 1125 576 49 63 
2390 476 459 83 103 1126 578 49 62 
2391 477 459 82 104 1127 578 49 62 
2392 480 462 83 100 1128 577 49 63 
2393 481 461 84 97 1129 575 47 62 
2394 483 462 85 101 1131 574 46 62 
2395 485 464 85 100 1131 573 49 63 
2396 489 467 83 103 1132 573 49 62 
2397 490 470 85 103 1132 570 50 62 
2398 492 471 85 106 1132 570 51 64 
2399 493 472 87 106 1134 569 50 64 
2400 494 476 89 104 1134 569 51 65 
2401 497 478 87 102 1135 567 50 66 
2402 499 481 87 100 1136 565 53 69 
2403 502 484 85 98 1137 565 56 71 
2404 504 483 85 100 1139 565 55 72 
2405 505 484 87 101 1140 565 55 72 
2406 506 484 87 102 1142 565 54 72 
2407 508 484 85 103 1143 566 53 71 
2408 510 484 85 102 1144 566 52 69 
2409 514 484 84 104 1145 565 52 70 
2410 517 483 84 105 1146 566 51 70 
2411 520 485 83 103 1149 566 49 68 
2412 523 487 81 103 1153 567 46 64 
2413 526 486 80 106 1153 567 47 65 
2414 529 487 79 102 1155 567 49 66 
2415 531 489 78 101 1156 566 48 68 
2416 533 490 78 100 1157 565 50 70 
2417 537 490 76 99 1158 565 51 71 
2418 539 491 77 99 1160 565 51 69 
2419 540 492 77 97 1163 565 49 68 
2420 542 495 76 93 1165 566 48 66 
2421 545 497 74 90 1167 568 47 64 
2422 546 497 75 91 1168 568 47 64 
2423 547 498 76 89 1170 568 47 63 
2424 549 499 75 87 1170 569 48 61 
2425 550 498 75 88 1171 569 48 59 
2426 550 499 76 87 1173 569 48 60 
2427 551 500 76 88 1174 567 49 64 
2428 553 500 75 87 1177 565 50 66 
2429 554 500 74 87 1181 564 48 66 
2430 557 499 73 90 1183 564 47 65 
2431 557 501 73 89 1185 564 46 63 
2432 558 503 73 88 1188 563 45 62 
2433 560 503 71 90 1190 563 45 63 
2434 560 504 71 89 1194 562 45 66 
2435 561 504 70 90 1194 560 47 68 
2436 562 506 71 89 1196 559 48 68 
2437 564 507 69 89 1199 557 46 66 
2438 564 508 69 89 1200 555 46 67 
2439 565 509 68 90 1201 555 46 69 
2440 566 511 69 88 1202 553 46 69 
2441 567 512 69 88 1202 553 46 70 
2442 568 514 67 87 1204 550 46 71 
2443 568 516 67 85 1205 551 45 70 
2444 568 517 67 87 1206 551 46 70 
2445 569 519 66 86 1207 551 45 69 
2446 568 518 66 87 1207 551 45 68 
2447 567 519 66 89 1208 550 45 67 
2448 568 520 67 87 1207 549 47 70 
2449 567 520 67 87 1208 548 47 70 
2450 567 520 67 88 1208 546 48 72 
2451 567 521 67 87 1210 546 47 71 
2452 567 522 67 86 1211 546 48 70 
2453 568 522 66 85 1212 545 47 71 
2454 568 522 65 85 1214 545 47 71 
2455 568 523 66 85 1214 545 49 72 
2456 569 524 65 84 1215 545 49 72 
2457 569 526 65 82 1216 545 49 72 
2458 570 527 63 82 1217 545 48 72 
2459 570 527 65 83 1218 544 48 72 
2460 570 529 65 81 1219 544 48 73 
2461 570 528 65 83 1220 544 49 73 
2462 571 528 65 84 1220 544 50 74 
2463 574 528 63 83 1220 543 51 74 
2464 575 529 64 82 1221 543 51 73 
2465 575 529 64 82 1221 543 50 72 
2466 577 530 64 82 1221 542 51 73 
2467 577 530 65 82 1221 543 50 71 
2468 578 530 66 82 1222 542 50 71 
2469 580 532 65 80 1222 542 50 72 
2470 582 534 62 78 1223 541 51 74 
2471 582 535 62 77 1223 540 52 75 
2472 582 536 62 76 1223 539 51 74 
2473 585 537 61 75 1224 539 51 72 
2474 587 538 62 75 1224 538 53 71 
2475 588 539 60 75 1224 537 54 71 
2476 590 540 59 75 1224 537 54 72 
2477 591 541 60 77 1224 534 55 74 
2478 591 543 61 75 1225 534 56 74 
2479 593 543 59 75 1225 533 56 74 
2480 594 544 58 74 1225 532 57 74 
2481 595 544 59 74 1225 532 57 75 
2482 596 545 59 74 1226 531 56 74 
2483 597 546 60 73 1226 531 56 74 
2484 598 546 60 72 1227 530 56 73 
2485 599 547 61 72 1227 528 55 74 
2486 600 548 62 73 1227 527 56 75 
2487 601 549 62 71 1229 527 56 74 
2488 602 550 63 71 1228 525 58 76 
2489 604 550 62 70 1229 523 57 78 
2490 608 551 60 69 1229 522 59 78 
2491 610 551 59 69 1230 520 59 80 
2492 612 553 58 68 1231 520 59 79 
2493 613 554 56 67 1232 520 58 79 
2494 615 556 55 66 1233 519 57 78 
2495 616 556 54 65 1235 520 57 78 
2496 617 556 53 65 1237 520 56 76 
2497 617 556 53 66 1240 520 54 75 
2498 618 555 54 66 1241 520 54 75 
2499 618 556 54 66 1242 520 54 75 
2500 619 556 55 66 1243 518 54 78 
2501 619 556 55 66 1243 519 55 77 
2502 620 556 56 66 1244 518 56 78 
2503 620 557 55 65 1246 518 55 78 
2504 622 558 56 65 1246 518 57 77 
2505 622 557 56 66 1248 517 57 78 
2506 622 558 56 65 1249 517 57 77 
2507 624 558 56 66 1251 516 57 77 
2508 625 558 56 66 1253 516 56 77 
2509 624 558 57 66 1254 515 56 78 
2510 624 558 58 65 1255 515 56 77 
2511 625 559 58 65 1256 514 57 78 
2512 624 560 57 65 1257 514 57 80 
2513 624 561 58 66 1257 513 58 82 
2514 625 561 58 66 1258 512 59 82 
2515 626 564 58 64 1260 511 59 83 
2516 626 565 58 63 1262 509 58 85 
2517 626 565 58 64 1264 505 57 87 
2518 626 566 56 65 1266 505 56 87 
2519 626 566 56 64 1269 505 55 84 
2520 626 567 58 64 1271 504 54 85 
2521 626 568 58 64 1274 503 54 82 
2522 626 568 58 65 1275 502 54 81 
2523 625 568 58 64 1276 502 55 80 
2524 625 569 60 66 1277 501 55 80 
2525 625 569 60 66 1279 501 54 79 
2526 625 569 59 66 1280 500 55 78 
2527 625 570 58 65 1284 497 55 78 
2528 626 570 58 66 1285 495 53 81 
2529 626 570 58 65 1286 494 55 82 
2530 625 570 58 65 1288 493 55 82 
2531 625 570 58 65 1287 492 57 81 
2532 624 570 57 65 1288 492 59 81 
2533 624 570 58 66 1288 491 59 81 
2534 624 570 58 66 1289 491 59 81 
2535 624 571 58 66 1290 490 61 82 
2536 624 571 58 66 1291 489 62 83 
2537 624 572 57 66 1292 488 64 84 
2538 624 572 57 65 1292 487 65 84 
2539 624 573 57 66 1293 485 66 86 
2540 624 573 57 65 1295 484 63 85 
2541 625 574 57 66 1296 483 63 87 
2542 626 574 58 66 1297 481 62 88 
2543 627 574 58 65 1298 481 63 89 
2544 628 574 58 66 1299 481 62 89 
2545 629 575 58 65 1300 480 62 89 
2546 630 576 58 63 1301 478 63 89 
2547 632 576 56 63 1302 478 63 89 
2548 632 577 56 62 1303 477 64 90 
2549 634 578 57 62 1303 476 65 91 
2550 634 578 57 62 1307 476 63 91 
2551 636 578 57 64 1308 475 63 93 
2552 638 578 55 64 1309 476 66 92 
2553 640 578 56 64 1309 476 66 90 
2554 641 578 56 65 1310 476 67 88 
2555 641 577 57 66 1311 476 67 89 
2556 642 577 56 65 1311 474 69 88 
2557 644 578 56 66 1312 471 71 89 
2558 645 579 57 65 1313 471 70 89 
2559 645 580 57 66 
2560 647 581 54 64 1316 471 69 91 
2561 648 582 55 63 1317 470 69 90 
2562 650 582 53 64 
2563 651 583 53 64 1317 466 69 89 
2564 653 584 52 63 1318 464 68 90 
2565 654 584 54 64 
2566 655 583 53 64 1320 459 71 97 
2567 656 584 53 64 1321 460 70 92 
2568 657 583 53 64 1322 461 68 88 
2569 658 584 54 65 1323 460 69 88 
2570 659 584 53 64 1323 458 72 88 
2571 661 584 53 64 1324 456 73 91 
2572 662 585 53 65 1326 453 71 92 
2573 663 585 52 64 1327 451 71 94 
2574 664 586 51 63 1327 449 71 95 
2575 664 586 51 62 1329 447 71 95 
2576 665 587 50 64 1329 446 72 96 
2577 666 587 50 63 1330 443 71 97 
2578 666 588 51 61 1331 443 71 97 
2579 666 588 51 62 1332 441 70 97 
2580 667 588 50 62 1331 440 73 97 
2581 668 588 50 62 1333 438 73 98 
2582 667 589 51 62 1334 437 73 99 
2583 668 589 50 62 1336 436 73 98 
2584 668 589 50 63 1337 435 72 99 
2585 668 588 50 63 1338 434 74 102 
2586 668 588 51 63 1339 434 72 100 
2587 667 588 51 63 1340 433 73 99 
2588 667 589 51 62 1341 433 73 98 
2589 667 589 51 61 1345 432 73 98 
2590 666 590 51 61 1347 431 72 98 
2591 666 591 51 60 1348 430 74 97 
2592 666 592 51 60 1349 428 74 99 
2593 666 593 50 59 1349 427 75 99 
2594 666 593 50 60 1350 426 75 99 
2595 665 593 50 60 1352 424 73 102 
2596 665 594 49 59 1353 422 75 106 
2597 665 594 47 59 1354 421 77 106 
2598 663 595 47 59 1356 421 75 106 
2599 662 596 47 58 1358 421 74 105 
2600 662 596 46 58 1359 420 76 107 
2601 662 597 46 57 1361 420 78 108 
2602 662 597 45 57 1362 418 80 108 
2603 661 598 45 56 1365 417 80 108 
2604 660 599 45 56 1366 416 84 108 
2605 660 600 45 54 1368 415 86 106 
2606 660 600 45 55 1372 414 82 104 
2607 659 600 46 54 1375 413 81 105 
2608 1380 413 79 105 658 600 45 55 
2609 1384 411 77 107 658 600 45 54 
2610 656 601 45 54 1388 410 75 104 
2611 655 600 46 54 1392 409 77 99 
2612 654 600 47 54 1397 406 77 97 
2613 653 600 47 53 1398 401 79 100 
2614 652 600 48 53 1398 398 81 104 
2615 652 600 48 52 1399 395 81 105 
2616 651 601 48 52 1400 391 81 108 
2617 650 601 49 52 1404 391 83 110 
2618 647 600 50 52 1408 389 82 110 
2619 645 600 50 52 1409 387 85 108 
2620 644 601 48 51 1411 387 85 108 
2621 642 601 49 51 1414 384 87 109 
2622 640 600 50 52 1415 382 88 108 
2623 1416 378 89 110 640 600 50 52 
2624 1420 376 85 110 639 600 50 52 
2625 1421 373 88 116 639 601 49 52 
2626 1423 370 89 117 638 601 49 52 
2627 1424 368 90 118 637 600 48 53 
2628 1425 364 92 117 636 600 47 53 
2629 1427 361 92 114 636 601 47 54 
2630 1429 359 91 115 635 602 47 53 
2631 1431 356 90 117 634 601 47 54 
2632 1433 354 92 120 634 602 47 54 
2633 1434 352 92 122 633 602 48 54 
2634 1435 349 93 124 632 602 48 54 
2635 1439 349 91 122 631 602 48 54 
2636 1441 348 94 123 631 603 48 54 
2637 629 604 49 54 1445 348 95 122 
2638 628 604 49 54 1446 349 99 122 
2639 627 604 50 55 1447 350 100 118 
2640 626 604 50 55 1450 347 98 119 
2641 626 605 49 54 1453 345 96 119 
2642 626 605 49 54 1455 343 95 119 
2643 625 606 48 54 1460 341 92 121 
2644 1461 338 94 123 625 606 47 53 
2645 1462 336 96 127 625 606 47 53 
2646 624 607 47 54 1463 331 95 132 
2647 624 608 46 53 1465 329 95 134 
2648 1466 326 99 137 624 609 45 51 
2649 624 610 45 50 1466 323 102 138 
2650 624 610 44 50 1469 322 103 138 
2651 623 609 44 52 1470 320 103 136 
2652 623 609 44 53 1472 317 102 136 
2653 622 609 44 53 1473 312 102 136 
2654 621 609 43 53 1472 308 105 139 
2655 621 609 43 53 1473 306 107 138 
2656 620 610 43 53 1473 305 108 136 
2657 620 610 42 54 1473 300 109 138 
2658 620 610 41 54 1473 299 111 136 
2659 619 609 42 55 1474 297 113 131 
2660 619 610 41 54 1477 293 111 133 
2661 618 610 41 53 1477 289 111 134 
2662 617 610 41 53 1478 285 112 135 
2663 616 610 40 53 1480 279 112 137 
2664 613 610 42 52 1480 277 115 135 
2665 612 609 42 51 1484 274 110 140 
2666 610 610 43 51 1486 272 110 142 
2667 608 610 43 51 1487 269 111 144 
2668 606 611 44 50 1490 269 112 143 
2669 605 611 43 51 1493 265 111 144 
2670 1493 260 114 149 603 611 44 51 
2671 1493 255 115 151 601 611 44 52 
2672 600 611 44 53 1496 254 117 149 
2673 599 612 43 52 1498 250 117 151 
2674 599 613 43 51 1501 247 119 148 
2675 1505 243 117 151 597 613 44 53 
2676 1506 241 122 149 596 614 44 52 
2677 1507 237 122 152 594 614 44 54 
2678 1508 232 125 155 591 614 45 54 
2679 1510 230 128 157 588 615 46 54 
2680 1514 229 124 156 586 614 47 54 
2681 1517 227 122 157 586 614 45 55 
2682 1523 226 119 159 585 612 45 55 
2683 1523 221 124 161 584 611 44 56 
2684 1528 219 122 161 583 612 44 55 
2685 1528 214 127 166 582 612 44 56 
2686 1532 211 130 165 580 612 46 57 
2687 1539 207 124 164 580 612 45 56 
2688 1544 207 127 164 578 611 46 56 
2689 575 610 48 56 1546 204 127 167 
2690 1548 200 130 169 575 611 45 57 
2691 1550 196 133 170 574 611 46 56 
2692 1554 193 136 171 572 611 47 56 
2693 1562 191 129 171 571 612 47 56 
2694 1565 189 133 171 570 612 47 56 
2695 1571 180 135 176 570 613 47 55 
2696 568 613 46 54 1578 176 134 175 
2697 566 614 46 54 1578 169 141 179 
2698 566 614 46 54 1583 166 141 177 
2699 565 615 45 53 1592 162 139 180 
2700 564 615 45 52 1595 156 136 179 
2701 562 614 46 51 1602 149 135 184 
2702 1608 147 134 181 561 617 44 50 
2703 1607 139 140 185 
2704 1608 130 144 188 557 618 46 48 
2705 1617 123 141 195 555 618 46 49 
2706 1626 124 136 190 553 617 47 51 
2707 1626 113 139 197 552 619 45 51 
2708 1631 110 138 195 551 618 46 53 
2709 1634 108 141 195 550 617 46 55 
2710 1631 103 147 192 551 617 45 55 
2711 1635 96 147 193 
2712 1638 91 152 199 
2713 1638 86 159 200 546 614 45 57 
2714 1643 79 155 207 546 614 45 58 
2715 1646 74 156 205 545 613 46 59 
2716 546 615 43 57 1647 71 158 205 
2717 544 615 45 56 1648 63 162 209 
2718 547 619 40 52 1649 58 160 205 
2719 547 620 39 50 1654 56 162 213 
2720 547 623 38 48 1653 49 165 217 
2721 548 626 35 45 1656 48 166 215 
2722 548 625 35 46 1657 45 169 212 
2723 548 624 35 45 1658 45 171 217 
2724 548 624 34 46 1805 1325 86 84 
2725 548 623 35 46 1665 28 169 221 
2726 548 625 33 44 1668 29 166 223 
2727 548 626 33 44 1665 23 172 225 
2728 1665 16 171 226 548 627 31 44 
2729 1669 13 170 225 548 630 31 42 
2730 1669 10 173 227 548 632 30 38 
2731 1669 9 174 223 548 632 29 38 
2732 1669 5 181 224 548 632 29 38 
2733 1671 3 181 220 548 632 29 38 
2734 1670 4 186 212 547 631 29 38 
2735 546 631 30 38 1669 2 188 214 
2736 545 633 29 38 1671 0 188 219 
2737 544 633 29 38 1672 0 190 217 
2738 1668 0 194 214 544 634 29 36 
2739 1670 0 194 210 
2740 1671 0 196 209 
2741 1670 0 195 207 
2742 1669 0 196 206 
